,p1,p2,p3,exercicios,trabalho,total
0,8.83,1.17,25.5,17.7,0.0,53.2
1,9.83,0.0,24.0,25.83,0.0,59.66
2,0.83,0.0,28.0,0.0,0.0,28.83
3,2.5,12.0,24.0,26.0,0.0,64.5
4,0.0,6.0,28.0,18.0,0.0,52.0
5,0.0,10.39,23.5,8.0,0.0,41.89
6,6.67,15.33,21.0,0.0,0.0,43.0
7,11.83,6.0,17.0,17.03,0.0,51.86
8,3.5,0.0,25.0,8.0,0.0,36.5
9,5.33,12.0,23.0,18.0,0.0,58.33
10,19.58,12.0,24.0,0.0,0.0,55.58
11,19.83,24.0,24.5,25.52,0.0,93.85
12,20.83,12.0,26.0,0.0,0.0,58.83
13,0.0,6.0,5.5,17.08,0.0,28.58
14,8.83,0.0,24.0,24.77,0.0,57.599999999999994
15,20.83,22.0,14.43,25.7,0.0,82.96
16,25.0,10.0,0.0,17.7,0.0,52.7
17,3.83,22.0,23.5,7.07,0.0,56.4
18,15.0,12.0,22.0,17.7,0.0,66.7
19,15.83,0.0,5.5,25.39,0.0,46.72
20,20.83,12.0,25.5,11.77,0.0,70.1
21,5.83,29.0,25.0,25.57,0.0,85.4
22,4.5,22.0,24.0,21.169999999999998,0.0,71.67
23,18.33,16.5,13.0,4.95,0.0,52.78
24,1.67,0.0,27.0,7.27,0.0,35.94
25,0.0,9.25,24.5,25.03,0.0,58.78
26,5.0,28.0,20.0,25.23,0.0,78.23
27,16.67,0.0,24.0,17.21,0.0,57.88
28,19.83,25.0,11.0,17.7,0.0,73.53
29,8.33,15.03,0.0,18.0,0.0,41.36
30,0.0,22.0,26.0,17.31,0.0,65.31
31,0.83,22.5,25.0,17.7,0.0,66.03
32,5.0,13.92,26.0,17.8,0.0,62.72
33,19.38,12.0,23.0,25.7,0.0,80.08
34,9.83,6.0,24.0,7.11,0.0,46.94
35,18.83,16.58,28.0,0.0,0.0,63.41
36,1.83,15.75,18.43,17.8,0.0,53.81
37,9.83,22.0,25.5,18.0,0.0,75.33
38,0.83,2.5,26.0,17.7,0.0,47.03
39,4.67,10.5,25.5,21.43,0.0,62.1
40,4.5,19.0,25.0,25.8,0.0,74.3
41,10.83,14.0,25.5,8.0,0.0,58.33
42,17.08,6.75,22.0,7.76,0.0,53.589999999999996
43,0.83,6.0,25.5,0.0,0.0,32.33
44,1.83,22.0,22.5,8.0,0.0,54.33
45,4.5,0.0,20.43,0.0,0.0,24.93
46,6.67,6.0,15.0,17.7,0.0,45.370000000000005
47,5.0,0.0,27.0,24.86,0.0,56.86
48,4.67,29.0,6.5,26.0,0.0,66.17
49,4.0,11.0,5.0,7.78,0.0,27.78
50,14.33,2.5,25.0,17.7,0.0,59.53
51,19.58,12.0,25.5,17.7,0.0,74.78
52,5.83,29.0,25.0,17.7,0.0,77.53
53,20.0,29.0,23.0,17.03,0.0,89.03
54,5.0,6.0,24.0,25.7,0.0,60.7
55,5.0,27.25,26.0,25.32,0.0,83.57
56,5.0,0.0,18.5,0.0,0.0,23.5
57,0.0,25.0,27.0,0.0,0.0,52.0
58,17.83,6.0,21.5,0.0,0.0,45.33
59,5.0,23.0,23.5,17.7,0.0,69.2
60,4.67,12.0,21.93,1.5,0.0,40.1
61,10.83,12.0,4.0,8.0,0.0,34.83
62,7.83,12.0,24.0,17.2,0.0,61.03
63,5.0,12.0,24.0,,0.0,41.0
64,5.0,6.0,6.0,,0.0,17.0
65,5.83,0.0,23.0,,0.0,28.83
66,16.83,25.0,10.0,,0.0,51.83
67,9.17,0.0,24.0,,0.0,33.17
68,19.83,7.25,24.0,,0.0,51.08
69,15.83,29.0,22.5,,0.0,67.33
70,4.67,22.5,26.0,,0.0,53.17
71,1.67,6.0,22.5,,0.0,30.17
72,14.17,25.0,22.5,,0.0,61.67
73,12.83,17.5,25.5,,0.0,55.83
74,19.58,17.0,26.0,,0.0,62.58
75,25.0,12.0,14.43,,0.0,51.43
76,10.0,25.0,25.0,,0.0,60.0
77,4.0,29.0,21.0,,0.0,54.0
78,23.75,0.67,0.0,,0.0,24.42
79,9.67,2.5,25.0,,0.0,37.17
80,5.0,12.0,24.0,,0.0,41.0
81,15.0,0.0,11.5,,0.0,26.5
82,11.33,21.5,6.5,,0.0,39.33
83,18.33,25.0,24.0,,0.0,67.33
84,4.67,0.0,23.0,,0.0,27.67
85,22.5,12.0,24.0,,0.0,58.5
86,0.0,12.0,20.0,,0.0,32.0
87,6.33,6.0,26.0,,0.0,38.33
88,14.58,25.0,7.5,,0.0,47.08
89,0.0,21.5,23.0,,0.0,44.5
90,5.83,18.0,23.0,,0.0,46.83
91,11.17,12.0,21.0,,0.0,44.17
92,5.0,29.0,24.5,,0.0,58.5
93,1.0,12.0,21.0,,0.0,34.0
94,5.0,0.0,25.0,,0.0,30.0
95,10.83,12.0,23.5,,0.0,46.33
96,5.0,6.61,25.5,,0.0,37.11
97,5.0,19.0,23.0,,,42.0
98,20.83,6.0,24.0,,,44.83
99,5.0,23.0,7.5,,,30.5
100,0.0,11.25,15.0,,,26.25
101,1.0,6.0,27.0,,,33.0
102,5.0,0.0,25.0,,,30.0
103,0.0,12.0,21.0,,,33.0
104,6.83,29.0,5.5,,,35.83
105,3.5,2.0,22.0,,,25.5
106,5.0,12.0,17.5,,,29.5
107,5.0,12.0,25.0,,,37.0
108,18.83,12.0,25.0,,,43.83
109,14.17,2.5,26.0,,,40.17
110,5.0,6.0,25.0,,,31.0
111,19.17,24.0,0.0,,,43.17
112,18.5,0.0,28.0,,,46.5
113,17.75,22.0,24.5,,,46.5
114,5.0,18.5,12.0,,,30.5
115,14.92,12.0,25.0,,,39.92
116,20.83,6.0,25.5,,,46.33
117,10.33,12.0,22.5,,,34.5
118,6.33,12.0,26.0,,,38.0
119,0.0,12.0,23.0,,,35.0
120,25.0,12.0,26.0,,,51.0
121,6.17,12.0,25.0,,,37.0
122,5.0,12.0,24.0,,,36.0
123,11.67,12.0,23.0,,,35.0
124,2.0,12.83,23.0,,,35.83
125,4.0,25.0,27.0,,,52.0
126,13.33,20.0,24.0,,,44.0
127,9.5,12.0,15.5,,,27.5
128,19.17,0.0,19.43,,,38.6
129,12.33,18.0,25.5,,,43.5
130,0.0,11.0,24.0,,,35.0
131,0.0,22.0,26.0,,,48.0
132,6.83,21.5,0.0,,,28.33
133,0.0,25.0,19.43,,,44.43
134,1.67,0.0,25.0,,,26.67
135,0.0,0.0,26.0,,,26.0
136,0.83,21.5,25.0,,,46.5
137,5.0,5.0,25.5,,,30.5
138,0.0,12.0,21.5,,,33.5
139,0.0,24.0,25.0,,,49.0
140,1.67,12.0,23.43,,,35.43
141,4.5,23.0,24.0,,,47.0
142,0.0,18.92,22.0,,,40.92
143,0.83,16.0,15.43,,,31.43
144,11.92,0.0,13.5,,,25.42
145,22.5,5.0,22.0,,,44.5
146,0.0,0.0,24.0,,,24.0
147,5.83,6.0,21.0,,,27.0
148,12.33,0.0,23.5,,,35.83
149,23.5,10.0,26.0,,,49.5
150,3.5,22.0,22.0,,,44.0
151,0.83,12.0,17.43,,,29.43
152,,0.0,26.0,,,26.0
153,,6.0,26.0,,,26.0
154,,24.0,24.0,,,24.0
155,,12.0,24.5,,,24.5
156,,0.0,22.0,,,22.0
157,,12.0,26.0,,,26.0
158,,24.0,,,,0.0
159,,6.0,,,,0.0
160,,6.0,,,,0.0
161,,25.0,,,,0.0
